6.833506959176687927e-06
1.312317528959242461e-05
1.403197852654024767e-05
1.402701453389002475e-05
1.661693203710041337e-05
3.350714143191528836e-05
3.000942283570533090e-04
1.733999157948761232e-03
4.237682524112284382e-03
8.737913087730071401e-03
1.248884839315985568e-02
1.425712687091156353e-02
1.499560330524978176e-02
1.544479302048500438e-02
1.599823839643108384e-02
1.635711928229039921e-02
1.642897591833971868e-02
1.649755546293878855e-02
1.656518339640698084e-02
1.664395967266309173e-02
1.672406494018549572e-02
1.679164812166153431e-02
1.686618298700388180e-02
1.695022795852488273e-02
1.702432898547272602e-02
1.709632323635569204e-02
1.716325308904063235e-02
1.723633332730502635e-02
1.730946661557865307e-02
1.739889517025094284e-02
