1.403265276195977442e-03
2.879880786054332762e-03
3.651359563538919811e-03
6.259683911723361999e-03
1.908389251017208674e-02
4.020514203885156013e-02
5.460717713472848511e-02
7.085344246953417802e-02
8.534035525274602518e-02
8.976841849200192791e-02
9.231120448771684694e-02
9.473657162163343082e-02
9.546348401103743608e-02
9.538497372576473787e-02
9.506240972708748793e-02
9.471057365189083921e-02
9.447923619266607176e-02
9.440966948628171096e-02
9.441128358039414803e-02
9.444537982360695638e-02
9.444341981858392354e-02
9.441358845418175438e-02
9.439610971331394151e-02
9.437687022105739620e-02
9.434664586634976258e-02
9.424699572351219468e-02
9.409000837921589755e-02
9.391005227421522772e-02
9.371724917748092132e-02
9.358799690128359605e-02
