1.857594261232167580e-04
3.882645894792533144e-04
4.963938284091263739e-04
9.243224215081098736e-04
4.478788458386105155e-03
1.569301980779996136e-02
3.181371012681546984e-02
3.987341894799491943e-02
4.304899430699601209e-02
4.498446275539487449e-02
4.644612761472885487e-02
4.722955406626854619e-02
4.776847380426250955e-02
4.819935541709306770e-02
4.852575073494930225e-02
4.877607482694618080e-02
4.895775610621073970e-02
4.910122602334131281e-02
4.922989723194931555e-02
4.934198541185689374e-02
4.945098691653691814e-02
4.954558126696789744e-02
4.964576936129912188e-02
4.974747202844354010e-02
4.983758602022509560e-02
4.992852513498068079e-02
5.001786063891137946e-02
5.011462833062230171e-02
5.020259103449144916e-02
5.029383700003734609e-02
